fwd_bias_v= [0 0.1 0.2 0.3 0.4 0.6 0.8 1.0 1.2 1.4 1.6 1.8 2.0 2.2 2.4];
fwd_current=[0 0 0 0 0.5 1 2 3 5 7.5 10 15 20 25 30];

reverse_bias_v= [0 5 7 9 11 13 15 17 19 21 23 25];
reverse_current= [0 1 2 3 4 5 7 9 11 13 15 25];